  0.00001000  -0.87500000 1445.00000000
  0.00001000  -0.62500000  88.00000000
  0.00001000  -0.37500000 4690.00000000
  0.00001000  -0.12500000 271.00000000
  0.00001000   0.12500000 6865.00000000
  0.00001000   0.37500000 309.00000000
  0.00001000   0.62500000 4829.00000000
  0.00001000   0.87500000 1503.00000000
  0.05001000  -0.87500000 6058.00000000
  0.05001000  -0.62500000 234.00000000
  0.05001000  -0.37500000 2443.00000000
  0.05001000  -0.12500000 190.00000000
  0.05001000   0.12500000 1109.00000000
  0.05001000   0.37500000 114.00000000
  0.05001000   0.62500000  93.00000000
  0.05001000   0.87500000 9759.00000000
  0.10001000  -0.87500000 6114.00000000
  0.10001000  -0.62500000 214.00000000
  0.10001000  -0.37500000 2409.00000000
  0.10001000  -0.12500000 188.00000000
  0.10001000   0.12500000 1088.00000000
  0.10001000   0.37500000 144.00000000
  0.10001000   0.62500000  99.00000000
  0.10001000   0.87500000 9744.00000000
  0.15001000  -0.87500000 5777.00000000
  0.15001000  -0.62500000 228.00000000
  0.15001000  -0.37500000 2588.00000000
  0.15001000  -0.12500000 190.00000000
  0.15001000   0.12500000 2562.00000000
  0.15001000   0.37500000 165.00000000
  0.15001000   0.62500000 2751.00000000
  0.15001000   0.87500000 5739.00000000
  0.20001000  -0.87500000 5502.00000000
  0.20001000  -0.62500000 188.00000000
  0.20001000  -0.37500000 2777.00000000
  0.20001000  -0.12500000 205.00000000
  0.20001000   0.12500000 2655.00000000
  0.20001000   0.37500000 202.00000000
  0.20001000   0.62500000 2821.00000000
  0.20001000   0.87500000 5650.00000000
  0.25001000  -0.87500000 5537.00000000
  0.25001000  -0.62500000 203.00000000
  0.25001000  -0.37500000 2731.00000000
  0.25001000  -0.12500000 176.00000000
  0.25001000   0.12500000 2653.00000000
  0.25001000   0.37500000 201.00000000
  0.25001000   0.62500000 2699.00000000
  0.25001000   0.87500000 5800.00000000
  0.30001000  -0.87500000 5686.00000000
  0.30001000  -0.62500000 206.00000000
  0.30001000  -0.37500000 2632.00000000
  0.30001000  -0.12500000 186.00000000
  0.30001000   0.12500000 2649.00000000
  0.30001000   0.37500000 174.00000000
  0.30001000   0.62500000 2940.00000000
  0.30001000   0.87500000 5527.00000000
  0.35001000  -0.87500000 5880.00000000
  0.35001000  -0.62500000 212.00000000
  0.35001000  -0.37500000 2529.00000000
  0.35001000  -0.12500000 171.00000000
  0.35001000   0.12500000 2500.00000000
  0.35001000   0.37500000 188.00000000
  0.35001000   0.62500000 2775.00000000
  0.35001000   0.87500000 5745.00000000
  0.40001000  -0.87500000 5522.00000000
  0.40001000  -0.62500000 200.00000000
  0.40001000  -0.37500000 2774.00000000
  0.40001000  -0.12500000 192.00000000
  0.40001000   0.12500000 2620.00000000
  0.40001000   0.37500000 191.00000000
  0.40001000   0.62500000 2755.00000000
  0.40001000   0.87500000 5746.00000000
  0.45001000  -0.87500000 5695.00000000
  0.45001000  -0.62500000 203.00000000
  0.45001000  -0.37500000 2564.00000000
  0.45001000  -0.12500000 176.00000000
  0.45001000   0.12500000 2602.00000000
  0.45001000   0.37500000 193.00000000
  0.45001000   0.62500000 2634.00000000
  0.45001000   0.87500000 5933.00000000
  0.50001000  -0.87500000 5564.00000000
  0.50001000  -0.62500000 208.00000000
  0.50001000  -0.37500000 2751.00000000
  0.50001000  -0.12500000 192.00000000
  0.50001000   0.12500000 2574.00000000
  0.50001000   0.37500000 190.00000000
  0.50001000   0.62500000 2721.00000000
  0.50001000   0.87500000 5800.00000000
  0.55001000  -0.87500000 5696.00000000
  0.55001000  -0.62500000 197.00000000
  0.55001000  -0.37500000 2627.00000000
  0.55001000  -0.12500000 190.00000000
  0.55001000   0.12500000 2582.00000000
  0.55001000   0.37500000 196.00000000
  0.55001000   0.62500000 2762.00000000
  0.55001000   0.87500000 5750.00000000
  0.60001000  -0.87500000 5560.00000000
  0.60001000  -0.62500000 203.00000000
  0.60001000  -0.37500000 2649.00000000
  0.60001000  -0.12500000 207.00000000
  0.60001000   0.12500000 2649.00000000
  0.60001000   0.37500000 179.00000000
  0.60001000   0.62500000 2527.00000000
  0.60001000   0.87500000 6026.00000000
  0.65001000  -0.87500000 5697.00000000
  0.65001000  -0.62500000 198.00000000
  0.65001000  -0.37500000 2580.00000000
  0.65001000  -0.12500000 199.00000000
  0.65001000   0.12500000 2561.00000000
  0.65001000   0.37500000 201.00000000
  0.65001000   0.62500000 2635.00000000
  0.65001000   0.87500000 5929.00000000
  0.70001000  -0.87500000 5353.00000000
  0.70001000  -0.62500000 187.00000000
  0.70001000  -0.37500000 2840.00000000
  0.70001000  -0.12500000 211.00000000
  0.70001000   0.12500000 2751.00000000
  0.70001000   0.37500000 185.00000000
  0.70001000   0.62500000 2648.00000000
  0.70001000   0.87500000 5825.00000000
  0.75001000  -0.87500000 5687.00000000
  0.75001000  -0.62500000 196.00000000
  0.75001000  -0.37500000 2674.00000000
  0.75001000  -0.12500000 201.00000000
  0.75001000   0.12500000 2509.00000000
  0.75001000   0.37500000 202.00000000
  0.75001000   0.62500000 2578.00000000
  0.75001000   0.87500000 5953.00000000
  0.80001000  -0.87500000 5462.00000000
  0.80001000  -0.62500000 198.00000000
  0.80001000  -0.37500000 2789.00000000
  0.80001000  -0.12500000 218.00000000
  0.80001000   0.12500000 2718.00000000
  0.80001000   0.37500000 186.00000000
  0.80001000   0.62500000 2815.00000000
  0.80001000   0.87500000 5614.00000000
  0.85001000  -0.87500000 5476.00000000
  0.85001000  -0.62500000 171.00000000
  0.85001000  -0.37500000 2773.00000000
  0.85001000  -0.12500000 225.00000000
  0.85001000   0.12500000 2689.00000000
  0.85001000   0.37500000 191.00000000
  0.85001000   0.62500000 2827.00000000
  0.85001000   0.87500000 5648.00000000
  0.90001000  -0.87500000 5698.00000000
  0.90001000  -0.62500000 212.00000000
  0.90001000  -0.37500000 2613.00000000
  0.90001000  -0.12500000 177.00000000
  0.90001000   0.12500000 2661.00000000
  0.90001000   0.37500000 163.00000000
  0.90001000   0.62500000 2600.00000000
  0.90001000   0.87500000 5876.00000000
  0.95001000  -0.87500000 5831.00000000
  0.95001000  -0.62500000 201.00000000
  0.95001000  -0.37500000 2611.00000000
  0.95001000  -0.12500000 147.00000000
  0.95001000   0.12500000 2417.00000000
  0.95001000   0.37500000 192.00000000
  0.95001000   0.62500000 2580.00000000
  0.95001000   0.87500000 6021.00000000
  1.00001000  -0.87500000 5610.00000000
  1.00001000  -0.62500000 212.00000000
  1.00001000  -0.37500000 2713.00000000
  1.00001000  -0.12500000 172.00000000
  1.00001000   0.12500000 2584.00000000
  1.00001000   0.37500000 189.00000000
  1.00001000   0.62500000 2802.00000000
  1.00001000   0.87500000 5718.00000000
  1.05001000  -0.87500000 5517.00000000
  1.05001000  -0.62500000 192.00000000
  1.05001000  -0.37500000 2764.00000000
  1.05001000  -0.12500000 180.00000000
  1.05001000   0.12500000 2609.00000000
  1.05001000   0.37500000 200.00000000
  1.05001000   0.62500000 2716.00000000
  1.05001000   0.87500000 5822.00000000
  1.10001000  -0.87500000 5509.00000000
  1.10001000  -0.62500000 213.00000000
  1.10001000  -0.37500000 2796.00000000
  1.10001000  -0.12500000 185.00000000
  1.10001000   0.12500000 2575.00000000
  1.10001000   0.37500000 198.00000000
  1.10001000   0.62500000 2743.00000000
  1.10001000   0.87500000 5781.00000000
  1.15001000  -0.87500000 5462.00000000
  1.15001000  -0.62500000 159.00000000
  1.15001000  -0.37500000 2790.00000000
  1.15001000  -0.12500000 250.00000000
  1.15001000   0.12500000 2733.00000000
  1.15001000   0.37500000 216.00000000
  1.15001000   0.62500000 2751.00000000
  1.15001000   0.87500000 5639.00000000
  1.20001000  -0.87500000 5448.00000000
  1.20001000  -0.62500000 162.00000000
  1.20001000  -0.37500000 2795.00000000
  1.20001000  -0.12500000 205.00000000
  1.20001000   0.12500000 2610.00000000
  1.20001000   0.37500000 225.00000000
  1.20001000   0.62500000 2744.00000000
  1.20001000   0.87500000 5811.00000000
  1.25001000  -0.87500000 5480.00000000
  1.25001000  -0.62500000 145.00000000
  1.25001000  -0.37500000 2772.00000000
  1.25001000  -0.12500000 226.00000000
  1.25001000   0.12500000 2738.00000000
  1.25001000   0.37500000 257.00000000
  1.25001000   0.62500000 2764.00000000
  1.25001000   0.87500000 5618.00000000
  1.30001000  -0.87500000 5635.00000000
  1.30001000  -0.62500000 179.00000000
  1.30001000  -0.37500000 2654.00000000
  1.30001000  -0.12500000 218.00000000
  1.30001000   0.12500000 2577.00000000
  1.30001000   0.37500000 227.00000000
  1.30001000   0.62500000 2834.00000000
  1.30001000   0.87500000 5676.00000000
  1.35001000  -0.87500000 5577.00000000
  1.35001000  -0.62500000 181.00000000
  1.35001000  -0.37500000 2737.00000000
  1.35001000  -0.12500000 237.00000000
  1.35001000   0.12500000 2570.00000000
  1.35001000   0.37500000 211.00000000
  1.35001000   0.62500000 2615.00000000
  1.35001000   0.87500000 5872.00000000
  1.40001000  -0.87500000 5570.00000000
  1.40001000  -0.62500000 169.00000000
  1.40001000  -0.37500000 2751.00000000
  1.40001000  -0.12500000 242.00000000
  1.40001000   0.12500000 2515.00000000
  1.40001000   0.37500000 213.00000000
  1.40001000   0.62500000 2687.00000000
  1.40001000   0.87500000 5853.00000000
  1.45001000  -0.87500000 5767.00000000
  1.45001000  -0.62500000 181.00000000
  1.45001000  -0.37500000 2576.00000000
  1.45001000  -0.12500000 230.00000000
  1.45001000   0.12500000 2507.00000000
  1.45001000   0.37500000 203.00000000
  1.45001000   0.62500000 2700.00000000
  1.45001000   0.87500000 5836.00000000
  1.50001000  -0.87500000 5744.00000000
  1.50001000  -0.62500000 171.00000000
  1.50001000  -0.37500000 2601.00000000
  1.50001000  -0.12500000 211.00000000
  1.50001000   0.12500000 2566.00000000
  1.50001000   0.37500000 236.00000000
  1.50001000   0.62500000 2726.00000000
  1.50001000   0.87500000 5745.00000000
  1.55001000  -0.87500000 5629.00000000
  1.55001000  -0.62500000 164.00000000
  1.55001000  -0.37500000 2742.00000000
  1.55001000  -0.12500000 221.00000000
  1.55001000   0.12500000 2541.00000000
  1.55001000   0.37500000 215.00000000
  1.55001000   0.62500000 2745.00000000
  1.55001000   0.87500000 5743.00000000
  1.60001000  -0.87500000 5587.00000000
  1.60001000  -0.62500000 160.00000000
  1.60001000  -0.37500000 2710.00000000
  1.60001000  -0.12500000 254.00000000
  1.60001000   0.12500000 2595.00000000
  1.60001000   0.37500000 225.00000000
  1.60001000   0.62500000 2769.00000000
  1.60001000   0.87500000 5700.00000000
  1.65001000  -0.87500000 5659.00000000
  1.65001000  -0.62500000 176.00000000
  1.65001000  -0.37500000 2734.00000000
  1.65001000  -0.12500000 210.00000000
  1.65001000   0.12500000 2585.00000000
  1.65001000   0.37500000 214.00000000
  1.65001000   0.62500000 2752.00000000
  1.65001000   0.87500000 5670.00000000
  1.70001000  -0.87500000 5664.00000000
  1.70001000  -0.62500000 161.00000000
  1.70001000  -0.37500000 2618.00000000
  1.70001000  -0.12500000 266.00000000
  1.70001000   0.12500000 2631.00000000
  1.70001000   0.37500000 217.00000000
  1.70001000   0.62500000 2722.00000000
  1.70001000   0.87500000 5721.00000000
  1.75001000  -0.87500000 5591.00000000
  1.75001000  -0.62500000 144.00000000
  1.75001000  -0.37500000 2664.00000000
  1.75001000  -0.12500000 253.00000000
  1.75001000   0.12500000 2635.00000000
  1.75001000   0.37500000 225.00000000
  1.75001000   0.62500000 2671.00000000
  1.75001000   0.87500000 5817.00000000
  1.80001000  -0.87500000 5515.00000000
  1.80001000  -0.62500000 156.00000000
  1.80001000  -0.37500000 2739.00000000
  1.80001000  -0.12500000 251.00000000
  1.80001000   0.12500000 2609.00000000
  1.80001000   0.37500000 214.00000000
  1.80001000   0.62500000 2747.00000000
  1.80001000   0.87500000 5769.00000000
  1.85001000  -0.87500000 5527.00000000
  1.85001000  -0.62500000 174.00000000
  1.85001000  -0.37500000 2704.00000000
  1.85001000  -0.12500000 230.00000000
  1.85001000   0.12500000 2620.00000000
  1.85001000   0.37500000 230.00000000
  1.85001000   0.62500000 2570.00000000
  1.85001000   0.87500000 5945.00000000
  1.90001000  -0.87500000 8818.00000000
  1.90001000  -0.62500000 182.00000000
  1.90001000  -0.37500000 298.00000000
  1.90001000  -0.12500000 244.00000000
  1.90001000   0.12500000 468.00000000
  1.90001000   0.37500000 205.00000000
  1.90001000   0.62500000 247.00000000
  1.90001000   0.87500000 9538.00000000
  1.95001000  -0.87500000 4789.00000000
  1.95001000  -0.62500000 172.00000000
  1.95001000  -0.37500000 1176.00000000
  1.95001000  -0.12500000 238.00000000
  1.95001000   0.12500000 2274.00000000
  1.95001000   0.37500000 213.00000000
  1.95001000   0.62500000 1883.00000000
  1.95001000   0.87500000 9255.00000000
  2.00001000  -0.87500000 4521.00000000
  2.00001000  -0.62500000 151.00000000
  2.00001000  -0.37500000 1160.00000000
  2.00001000  -0.12500000 289.00000000
  2.00001000   0.12500000 2406.00000000
  2.00001000   0.37500000 212.00000000
  2.00001000   0.62500000 1977.00000000
  2.00001000   0.87500000 9284.00000000
  2.05001000  -0.87500000 4560.00000000
  2.05001000  -0.62500000 163.00000000
  2.05001000  -0.37500000 1215.00000000
  2.05001000  -0.12500000 248.00000000
  2.05001000   0.12500000 2384.00000000
  2.05001000   0.37500000 246.00000000
  2.05001000   0.62500000 1952.00000000
  2.05001000   0.87500000 9232.00000000
  2.10001000  -0.87500000 4475.00000000
  2.10001000  -0.62500000 141.00000000
  2.10001000  -0.37500000 1279.00000000
  2.10001000  -0.12500000 273.00000000
  2.10001000   0.12500000 2584.00000000
  2.10001000   0.37500000 220.00000000
  2.10001000   0.62500000 2094.00000000
  2.10001000   0.87500000 8934.00000000
  2.15001000  -0.87500000 1560.00000000
  2.15001000  -0.62500000 101.00000000
  2.15001000  -0.37500000 4718.00000000
  2.15001000  -0.12500000 280.00000000
  2.15001000   0.12500000 6888.00000000
  2.15001000   0.37500000 296.00000000
  2.15001000   0.62500000 4559.00000000
  2.15001000   0.87500000 1598.00000000
  2.20001000  -0.87500000 1541.00000000
  2.20001000  -0.62500000 120.00000000
  2.20001000  -0.37500000 4600.00000000
  2.20001000  -0.12500000 302.00000000
  2.20001000   0.12500000 6788.00000000
  2.20001000   0.37500000 257.00000000
  2.20001000   0.62500000 4643.00000000
  2.20001000   0.87500000 1749.00000000
  2.25001000  -0.87500000 1498.00000000
  2.25001000  -0.62500000 115.00000000
  2.25001000  -0.37500000 4604.00000000
  2.25001000  -0.12500000 278.00000000
  2.25001000   0.12500000 6879.00000000
  2.25001000   0.37500000 281.00000000
  2.25001000   0.62500000 4764.00000000
  2.25001000   0.87500000 1581.00000000
  2.30001000  -0.87500000 1539.00000000
  2.30001000  -0.62500000  96.00000000
  2.30001000  -0.37500000 4610.00000000
  2.30001000  -0.12500000 312.00000000
  2.30001000   0.12500000 6771.00000000
  2.30001000   0.37500000 286.00000000
  2.30001000   0.62500000 4732.00000000
  2.30001000   0.87500000 1654.00000000
  2.35001000  -0.87500000 1566.00000000
  2.35001000  -0.62500000 115.00000000
  2.35001000  -0.37500000 4670.00000000
  2.35001000  -0.12500000 284.00000000
  2.35001000   0.12500000 6750.00000000
  2.35001000   0.37500000 277.00000000
  2.35001000   0.62500000 4642.00000000
  2.35001000   0.87500000 1696.00000000
  2.40001000  -0.87500000 1570.00000000
  2.40001000  -0.62500000 139.00000000
  2.40001000  -0.37500000 4846.00000000
  2.40001000  -0.12500000 287.00000000
  2.40001000   0.12500000 6721.00000000
  2.40001000   0.37500000 245.00000000
  2.40001000   0.62500000 4554.00000000
  2.40001000   0.87500000 1638.00000000
  2.45001000  -0.87500000 1645.00000000
  2.45001000  -0.62500000 129.00000000
  2.45001000  -0.37500000 4800.00000000
  2.45001000  -0.12500000 264.00000000
  2.45001000   0.12500000 6583.00000000
  2.45001000   0.37500000 269.00000000
  2.45001000   0.62500000 4546.00000000
  2.45001000   0.87500000 1764.00000000
  2.50001000  -0.87500000 1596.00000000
  2.50001000  -0.62500000 126.00000000
  2.50001000  -0.37500000 4645.00000000
  2.50001000  -0.12500000 296.00000000
  2.50001000   0.12500000 6715.00000000
  2.50001000   0.37500000 241.00000000
  2.50001000   0.62500000 4674.00000000
  2.50001000   0.87500000 1707.00000000
  2.55001000  -0.87500000 1493.00000000
  2.55001000  -0.62500000 126.00000000
  2.55001000  -0.37500000 4640.00000000
  2.55001000  -0.12500000 296.00000000
  2.55001000   0.12500000 6692.00000000
  2.55001000   0.37500000 256.00000000
  2.55001000   0.62500000 4804.00000000
  2.55001000   0.87500000 1693.00000000
  2.60001000  -0.87500000 1554.00000000
  2.60001000  -0.62500000 134.00000000
  2.60001000  -0.37500000 4681.00000000
  2.60001000  -0.12500000 301.00000000
  2.60001000   0.12500000 6745.00000000
  2.60001000   0.37500000 225.00000000
  2.60001000   0.62500000 4706.00000000
  2.60001000   0.87500000 1654.00000000
  2.65001000  -0.87500000 1708.00000000
  2.65001000  -0.62500000 132.00000000
  2.65001000  -0.37500000 4689.00000000
  2.65001000  -0.12500000 267.00000000
  2.65001000   0.12500000 6509.00000000
  2.65001000   0.37500000 279.00000000
  2.65001000   0.62500000 4622.00000000
  2.65001000   0.87500000 1794.00000000
  2.70001000  -0.87500000 1622.00000000
  2.70001000  -0.62500000 102.00000000
  2.70001000  -0.37500000 4613.00000000
  2.70001000  -0.12500000 282.00000000
  2.70001000   0.12500000 6721.00000000
  2.70001000   0.37500000 293.00000000
  2.70001000   0.62500000 4664.00000000
  2.70001000   0.87500000 1703.00000000
  2.75001000  -0.87500000 1563.00000000
  2.75001000  -0.62500000  99.00000000
  2.75001000  -0.37500000 4693.00000000
  2.75001000  -0.12500000 268.00000000
  2.75001000   0.12500000 6819.00000000
  2.75001000   0.37500000 288.00000000
  2.75001000   0.62500000 4622.00000000
  2.75001000   0.87500000 1648.00000000
  2.80001000  -0.87500000 1456.00000000
  2.80001000  -0.62500000 118.00000000
  2.80001000  -0.37500000 4745.00000000
  2.80001000  -0.12500000 284.00000000
  2.80001000   0.12500000 6705.00000000
  2.80001000   0.37500000 265.00000000
  2.80001000   0.62500000 4780.00000000
  2.80001000   0.87500000 1647.00000000
  2.85001000  -0.87500000 1635.00000000
  2.85001000  -0.62500000 105.00000000
  2.85001000  -0.37500000 4630.00000000
  2.85001000  -0.12500000 259.00000000
  2.85001000   0.12500000 6684.00000000
  2.85001000   0.37500000 311.00000000
  2.85001000   0.62500000 4636.00000000
  2.85001000   0.87500000 1740.00000000
  2.90001000  -0.87500000 1552.00000000
  2.90001000  -0.62500000  94.00000000
  2.90001000  -0.37500000 4620.00000000
  2.90001000  -0.12500000 270.00000000
  2.90001000   0.12500000 6733.00000000
  2.90001000   0.37500000 288.00000000
  2.90001000   0.62500000 4796.00000000
  2.90001000   0.87500000 1647.00000000
  2.95001000  -0.87500000 1560.00000000
  2.95001000  -0.62500000  58.00000000
  2.95001000  -0.37500000 4636.00000000
  2.95001000  -0.12500000 273.00000000
  2.95001000   0.12500000 6835.00000000
  2.95001000   0.37500000 300.00000000
  2.95001000   0.62500000 4642.00000000
  2.95001000   0.87500000 1696.00000000
  3.00001000  -0.87500000 1519.00000000
  3.00001000  -0.62500000  65.00000000
  3.00001000  -0.37500000 4709.00000000
  3.00001000  -0.12500000 288.00000000
  3.00001000   0.12500000 6669.00000000
  3.00001000   0.37500000 305.00000000
  3.00001000   0.62500000 4779.00000000
  3.00001000   0.87500000 1666.00000000
  3.05001000  -0.87500000 1572.00000000
  3.05001000  -0.62500000  91.00000000
  3.05001000  -0.37500000 4632.00000000
  3.05001000  -0.12500000 297.00000000
  3.05001000   0.12500000 6809.00000000
  3.05001000   0.37500000 272.00000000
  3.05001000   0.62500000 4605.00000000
  3.05001000   0.87500000 1722.00000000
  3.10001000  -0.87500000 1622.00000000
  3.10001000  -0.62500000  72.00000000
  3.10001000  -0.37500000 4605.00000000
  3.10001000  -0.12500000 312.00000000
  3.10001000   0.12500000 6606.00000000
  3.10001000   0.37500000 276.00000000
  3.10001000   0.62500000 4751.00000000
  3.10001000   0.87500000 1756.00000000
  3.15001000  -0.87500000 1560.00000000
  3.15001000  -0.62500000 102.00000000
  3.15001000  -0.37500000 4612.00000000
  3.15001000  -0.12500000 292.00000000
  3.15001000   0.12500000 6776.00000000
  3.15001000   0.37500000 290.00000000
  3.15001000   0.62500000 4752.00000000
  3.15001000   0.87500000 1616.00000000
  3.20001000  -0.87500000 1526.00000000
  3.20001000  -0.62500000  96.00000000
  3.20001000  -0.37500000 4629.00000000
  3.20001000  -0.12500000 265.00000000
  3.20001000   0.12500000 6645.00000000
  3.20001000   0.37500000 290.00000000
  3.20001000   0.62500000 4819.00000000
  3.20001000   0.87500000 1730.00000000
  3.25001000  -0.87500000 1601.00000000
  3.25001000  -0.62500000  85.00000000
  3.25001000  -0.37500000 4624.00000000
  3.25001000  -0.12500000 297.00000000
  3.25001000   0.12500000 6760.00000000
  3.25001000   0.37500000 292.00000000
  3.25001000   0.62500000 4581.00000000
  3.25001000   0.87500000 1760.00000000
  3.30001000  -0.87500000 1618.00000000
  3.30001000  -0.62500000  98.00000000
  3.30001000  -0.37500000 4653.00000000
  3.30001000  -0.12500000 344.00000000
  3.30001000   0.12500000 6659.00000000
  3.30001000   0.37500000 259.00000000
  3.30001000   0.62500000 4712.00000000
  3.30001000   0.87500000 1657.00000000
  3.35001000  -0.87500000 1685.00000000
  3.35001000  -0.62500000 117.00000000
  3.35001000  -0.37500000 4440.00000000
  3.35001000  -0.12500000 315.00000000
  3.35001000   0.12500000 6668.00000000
  3.35001000   0.37500000 273.00000000
  3.35001000   0.62500000 4768.00000000
  3.35001000   0.87500000 1734.00000000
  3.40001000  -0.87500000 1626.00000000
  3.40001000  -0.62500000  95.00000000
  3.40001000  -0.37500000 4688.00000000
  3.40001000  -0.12500000 286.00000000
  3.40001000   0.12500000 6584.00000000
  3.40001000   0.37500000 285.00000000
  3.40001000   0.62500000 4604.00000000
  3.40001000   0.87500000 1832.00000000
  3.45001000  -0.87500000 1540.00000000
  3.45001000  -0.62500000 101.00000000
  3.45001000  -0.37500000 4813.00000000
  3.45001000  -0.12500000 260.00000000
  3.45001000   0.12500000 6702.00000000
  3.45001000   0.37500000 304.00000000
  3.45001000   0.62500000 4650.00000000
  3.45001000   0.87500000 1630.00000000
  3.50001000  -0.87500000 1693.00000000
  3.50001000  -0.62500000 111.00000000
  3.50001000  -0.37500000 4599.00000000
  3.50001000  -0.12500000 292.00000000
  3.50001000   0.12500000 6672.00000000
  3.50001000   0.37500000 289.00000000
  3.50001000   0.62500000 4627.00000000
  3.50001000   0.87500000 1717.00000000
  3.55001000  -0.87500000 1586.00000000
  3.55001000  -0.62500000  89.00000000
  3.55001000  -0.37500000 4620.00000000
  3.55001000  -0.12500000 278.00000000
  3.55001000   0.12500000 6639.00000000
  3.55001000   0.37500000 318.00000000
  3.55001000   0.62500000 4697.00000000
  3.55001000   0.87500000 1773.00000000
  3.60001000  -0.87500000 1570.00000000
  3.60001000  -0.62500000  93.00000000
  3.60001000  -0.37500000 4837.00000000
  3.60001000  -0.12500000 291.00000000
  3.60001000   0.12500000 6709.00000000
  3.60001000   0.37500000 301.00000000
  3.60001000   0.62500000 4545.00000000
  3.60001000   0.87500000 1654.00000000
  3.65001000  -0.87500000 1610.00000000
  3.65001000  -0.62500000  88.00000000
  3.65001000  -0.37500000 4668.00000000
  3.65001000  -0.12500000 320.00000000
  3.65001000   0.12500000 6651.00000000
  3.65001000   0.37500000 296.00000000
  3.65001000   0.62500000 4628.00000000
  3.65001000   0.87500000 1739.00000000
  3.70001000  -0.87500000 1616.00000000
  3.70001000  -0.62500000  99.00000000
  3.70001000  -0.37500000 4616.00000000
  3.70001000  -0.12500000 279.00000000
  3.70001000   0.12500000 6765.00000000
  3.70001000   0.37500000 305.00000000
  3.70001000   0.62500000 4602.00000000
  3.70001000   0.87500000 1718.00000000
  3.75001000  -0.87500000 1619.00000000
  3.75001000  -0.62500000  98.00000000
  3.75001000  -0.37500000 4630.00000000
  3.75001000  -0.12500000 297.00000000
  3.75001000   0.12500000 6698.00000000
  3.75001000   0.37500000 295.00000000
  3.75001000   0.62500000 4597.00000000
  3.75001000   0.87500000 1766.00000000
  3.80001000  -0.87500000 1552.00000000
  3.80001000  -0.62500000  95.00000000
  3.80001000  -0.37500000 4624.00000000
  3.80001000  -0.12500000 294.00000000
  3.80001000   0.12500000 6750.00000000
  3.80001000   0.37500000 299.00000000
  3.80001000   0.62500000 4704.00000000
  3.80001000   0.87500000 1682.00000000
  3.85001000  -0.87500000 1613.00000000
  3.85001000  -0.62500000  99.00000000
  3.85001000  -0.37500000 4673.00000000
  3.85001000  -0.12500000 301.00000000
  3.85001000   0.12500000 6580.00000000
  3.85001000   0.37500000 279.00000000
  3.85001000   0.62500000 4703.00000000
  3.85001000   0.87500000 1752.00000000
  3.90001000  -0.87500000 742.00000000
  3.90001000  -0.62500000  94.00000000
  3.90001000  -0.37500000 4753.00000000
  3.90001000  -0.12500000 312.00000000
  3.90001000   0.12500000 6802.00000000
  3.90001000   0.37500000 276.00000000
  3.90001000   0.62500000 5041.00000000
  3.90001000   0.87500000 1980.00000000
  3.95001000  -0.87500000 429.00000000
  3.95001000  -0.62500000 101.00000000
  3.95001000  -0.37500000 4444.00000000
  3.95001000  -0.12500000 303.00000000
  3.95001000   0.12500000 6899.00000000
  3.95001000   0.37500000 295.00000000
  3.95001000   0.62500000 5140.00000000
  3.95001000   0.87500000 2389.00000000
  4.00001000  -0.87500000 433.00000000
  4.00001000  -0.62500000  99.00000000
  4.00001000  -0.37500000 4460.00000000
  4.00001000  -0.12500000 295.00000000
  4.00001000   0.12500000 6922.00000000
  4.00001000   0.37500000 288.00000000
  4.00001000   0.62500000 5181.00000000
  4.00001000   0.87500000 2322.00000000
  4.05001000  -0.87500000 400.00000000
  4.05001000  -0.62500000 111.00000000
  4.05001000  -0.37500000 4452.00000000
  4.05001000  -0.12500000 289.00000000
  4.05001000   0.12500000 6730.00000000
  4.05001000   0.37500000 287.00000000
  4.05001000   0.62500000 5212.00000000
  4.05001000   0.87500000 2519.00000000
  4.10001000  -0.87500000 441.00000000
  4.10001000  -0.62500000  69.00000000
  4.10001000  -0.37500000 4336.00000000
  4.10001000  -0.12500000 293.00000000
  4.10001000   0.12500000 6993.00000000
  4.10001000   0.37500000 301.00000000
  4.10001000   0.62500000 5248.00000000
  4.10001000   0.87500000 2319.00000000
  4.15001000  -0.87500000 1157.00000000
  4.15001000  -0.62500000  87.00000000
  4.15001000  -0.37500000 4933.00000000
  4.15001000  -0.12500000 310.00000000
  4.15001000   0.12500000 7191.00000000
  4.15001000   0.37500000 301.00000000
  4.15001000   0.62500000 4777.00000000
  4.15001000   0.87500000 1244.00000000
  4.20001000  -0.87500000 1209.00000000
  4.20001000  -0.62500000  88.00000000
  4.20001000  -0.37500000 4819.00000000
  4.20001000  -0.12500000 280.00000000
  4.20001000   0.12500000 7274.00000000
  4.20001000   0.37500000 285.00000000
  4.20001000   0.62500000 4760.00000000
  4.20001000   0.87500000 1285.00000000
  4.25001000  -0.87500000 1249.00000000
  4.25001000  -0.62500000  77.00000000
  4.25001000  -0.37500000 4886.00000000
  4.25001000  -0.12500000 271.00000000
  4.25001000   0.12500000 7205.00000000
  4.25001000   0.37500000 324.00000000
  4.25001000   0.62500000 4717.00000000
  4.25001000   0.87500000 1271.00000000
  4.30001000  -0.87500000 1171.00000000
  4.30001000  -0.62500000  96.00000000
  4.30001000  -0.37500000 4864.00000000
  4.30001000  -0.12500000 277.00000000
  4.30001000   0.12500000 7144.00000000
  4.30001000   0.37500000 317.00000000
  4.30001000   0.62500000 4857.00000000
  4.30001000   0.87500000 1274.00000000
  4.35001000  -0.87500000 1228.00000000
  4.35001000  -0.62500000  91.00000000
  4.35001000  -0.37500000 4634.00000000
  4.35001000  -0.12500000 286.00000000
  4.35001000   0.12500000 7338.00000000
  4.35001000   0.37500000 315.00000000
  4.35001000   0.62500000 4814.00000000
  4.35001000   0.87500000 1294.00000000
  4.40001000  -0.87500000 1206.00000000
  4.40001000  -0.62500000 103.00000000
  4.40001000  -0.37500000 4840.00000000
  4.40001000  -0.12500000 286.00000000
  4.40001000   0.12500000 7183.00000000
  4.40001000   0.37500000 313.00000000
  4.40001000   0.62500000 4818.00000000
  4.40001000   0.87500000 1251.00000000
  4.45001000  -0.87500000 1252.00000000
  4.45001000  -0.62500000 108.00000000
  4.45001000  -0.37500000 4630.00000000
  4.45001000  -0.12500000 282.00000000
  4.45001000   0.12500000 7220.00000000
  4.45001000   0.37500000 292.00000000
  4.45001000   0.62500000 4894.00000000
  4.45001000   0.87500000 1322.00000000
  4.50001000  -0.87500000 1186.00000000
  4.50001000  -0.62500000 103.00000000
  4.50001000  -0.37500000 4742.00000000
  4.50001000  -0.12500000 294.00000000
  4.50001000   0.12500000 7426.00000000
  4.50001000   0.37500000 306.00000000
  4.50001000   0.62500000 4667.00000000
  4.50001000   0.87500000 1276.00000000
  4.55001000  -0.87500000 1206.00000000
  4.55001000  -0.62500000  89.00000000
  4.55001000  -0.37500000 4803.00000000
  4.55001000  -0.12500000 270.00000000
  4.55001000   0.12500000 7218.00000000
  4.55001000   0.37500000 312.00000000
  4.55001000   0.62500000 4796.00000000
  4.55001000   0.87500000 1306.00000000
  4.60001000  -0.87500000 1129.00000000
  4.60001000  -0.62500000  95.00000000
  4.60001000  -0.37500000 4783.00000000
  4.60001000  -0.12500000 291.00000000
  4.60001000   0.12500000 7030.00000000
  4.60001000   0.37500000 305.00000000
  4.60001000   0.62500000 5051.00000000
  4.60001000   0.87500000 1316.00000000
  4.65001000  -0.87500000 1111.00000000
  4.65001000  -0.62500000 104.00000000
  4.65001000  -0.37500000 4920.00000000
  4.65001000  -0.12500000 299.00000000
  4.65001000   0.12500000 7279.00000000
  4.65001000   0.37500000 291.00000000
  4.65001000   0.62500000 4777.00000000
  4.65001000   0.87500000 1219.00000000
  4.70001000  -0.87500000 1229.00000000
  4.70001000  -0.62500000  80.00000000
  4.70001000  -0.37500000 4940.00000000
  4.70001000  -0.12500000 284.00000000
  4.70001000   0.12500000 7280.00000000
  4.70001000   0.37500000 299.00000000
  4.70001000   0.62500000 4601.00000000
  4.70001000   0.87500000 1287.00000000
  4.75001000  -0.87500000 1190.00000000
  4.75001000  -0.62500000  95.00000000
  4.75001000  -0.37500000 4779.00000000
  4.75001000  -0.12500000 279.00000000
  4.75001000   0.12500000 7101.00000000
  4.75001000   0.37500000 312.00000000
  4.75001000   0.62500000 4888.00000000
  4.75001000   0.87500000 1356.00000000
  4.80001000  -0.87500000 1117.00000000
  4.80001000  -0.62500000  83.00000000
  4.80001000  -0.37500000 4717.00000000
  4.80001000  -0.12500000 324.00000000
  4.80001000   0.12500000 7333.00000000
  4.80001000   0.37500000 265.00000000
  4.80001000   0.62500000 4873.00000000
  4.80001000   0.87500000 1288.00000000
  4.85001000  -0.87500000 1155.00000000
  4.85001000  -0.62500000  99.00000000
  4.85001000  -0.37500000 4944.00000000
  4.85001000  -0.12500000 287.00000000
  4.85001000   0.12500000 7258.00000000
  4.85001000   0.37500000 291.00000000
  4.85001000   0.62500000 4700.00000000
  4.85001000   0.87500000 1266.00000000
  4.90001000  -0.87500000 1315.00000000
  4.90001000  -0.62500000  89.00000000
  4.90001000  -0.37500000 4726.00000000
  4.90001000  -0.12500000 299.00000000
  4.90001000   0.12500000 7173.00000000
  4.90001000   0.37500000 286.00000000
  4.90001000   0.62500000 4849.00000000
  4.90001000   0.87500000 1263.00000000
  4.95001000  -0.87500000 1140.00000000
  4.95001000  -0.62500000  82.00000000
  4.95001000  -0.37500000 4898.00000000
  4.95001000  -0.12500000 278.00000000
  4.95001000   0.12500000 7261.00000000
  4.95001000   0.37500000 317.00000000
  4.95001000   0.62500000 4727.00000000
  4.95001000   0.87500000 1297.00000000
  0.00001000  -0.87500000 1361.00000000
  0.00001000  -0.62500000 105.00000000
  0.00001000  -0.37500000 4849.00000000
  0.00001000  -0.12500000 310.00000000
  0.00001000   0.12500000 6881.00000000
  0.00001000   0.37500000 286.00000000
  0.00001000   0.62500000 4804.00000000
  0.00001000   0.87500000 1404.00000000
  0.10000000  -0.87500000 1334.00000000
  0.10000000  -0.62500000  97.00000000
  0.10000000  -0.37500000 4871.00000000
  0.10000000  -0.12500000 294.00000000
  0.10000000   0.12500000 6833.00000000
  0.10000000   0.37500000 301.00000000
  0.10000000   0.62500000 4811.00000000
  0.10000000   0.87500000 1459.00000000
  1.00000000  -0.87500000 1336.00000000
  1.00000000  -0.62500000 106.00000000
  1.00000000  -0.37500000 4901.00000000
  1.00000000  -0.12500000 302.00000000
  1.00000000   0.12500000 7004.00000000
  1.00000000   0.37500000 285.00000000
  1.00000000   0.62500000 4704.00000000
  1.00000000   0.87500000 1362.00000000
 10.00000000  -0.87500000 1302.00000000
 10.00000000  -0.62500000  95.00000000
 10.00000000  -0.37500000 4878.00000000
 10.00000000  -0.12500000 320.00000000
 10.00000000   0.12500000 7196.00000000
 10.00000000   0.37500000 289.00000000
 10.00000000   0.62500000 4624.00000000
 10.00000000   0.87500000 1296.00000000
  0.10000000  -0.87500000 1292.00000000
  0.10000000  -0.62500000  77.00000000
  0.10000000  -0.37500000 4697.00000000
  0.10000000  -0.12500000 292.00000000
  0.10000000   0.12500000 7087.00000000
  0.10000000   0.37500000 321.00000000
  0.10000000   0.62500000 4845.00000000
  0.10000000   0.87500000 1389.00000000
  1.00000000  -0.87500000 1335.00000000
  1.00000000  -0.62500000  98.00000000
  1.00000000  -0.37500000 4790.00000000
  1.00000000  -0.12500000 302.00000000
  1.00000000   0.12500000 7065.00000000
  1.00000000   0.37500000 276.00000000
  1.00000000   0.62500000 4758.00000000
  1.00000000   0.87500000 1376.00000000
 10.00000000  -0.87500000 1284.00000000
 10.00000000  -0.62500000 106.00000000
 10.00000000  -0.37500000 4831.00000000
 10.00000000  -0.12500000 276.00000000
 10.00000000   0.12500000 7030.00000000
 10.00000000   0.37500000 307.00000000
 10.00000000   0.62500000 4804.00000000
 10.00000000   0.87500000 1362.00000000
  0.10000000  -0.87500000 1331.00000000
  0.10000000  -0.62500000 105.00000000
  0.10000000  -0.37500000 4696.00000000
  0.10000000  -0.12500000 302.00000000
  0.10000000   0.12500000 6923.00000000
  0.10000000   0.37500000 280.00000000
  0.10000000   0.62500000 4913.00000000
  0.10000000   0.87500000 1450.00000000
  1.00000000  -0.87500000 1333.00000000
  1.00000000  -0.62500000  94.00000000
  1.00000000  -0.37500000 4657.00000000
  1.00000000  -0.12500000 284.00000000
  1.00000000   0.12500000 7000.00000000
  1.00000000   0.37500000 302.00000000
  1.00000000   0.62500000 4921.00000000
  1.00000000   0.87500000 1409.00000000
 10.00000000  -0.87500000 1210.00000000
 10.00000000  -0.62500000  99.00000000
 10.00000000  -0.37500000 4666.00000000
 10.00000000  -0.12500000 305.00000000
 10.00000000   0.12500000 7044.00000000
 10.00000000   0.37500000 288.00000000
 10.00000000   0.62500000 4965.00000000
 10.00000000   0.87500000 1423.00000000
  0.10000000  -0.87500000 1288.00000000
  0.10000000  -0.62500000 115.00000000
  0.10000000  -0.37500000 4744.00000000
  0.10000000  -0.12500000 306.00000000
  0.10000000   0.12500000 7048.00000000
  0.10000000   0.37500000 273.00000000
  0.10000000   0.62500000 4808.00000000
  0.10000000   0.87500000 1418.00000000
  1.00000000  -0.87500000 1281.00000000
  1.00000000  -0.62500000  93.00000000
  1.00000000  -0.37500000 4777.00000000
  1.00000000  -0.12500000 291.00000000
  1.00000000   0.12500000 6986.00000000
  1.00000000   0.37500000 274.00000000
  1.00000000   0.62500000 4830.00000000
  1.00000000   0.87500000 1468.00000000
 10.00000000  -0.87500000 1289.00000000
 10.00000000  -0.62500000 109.00000000
 10.00000000  -0.37500000 4876.00000000
 10.00000000  -0.12500000 285.00000000
 10.00000000   0.12500000 7123.00000000
 10.00000000   0.37500000 274.00000000
 10.00000000   0.62500000 4717.00000000
 10.00000000   0.87500000 1327.00000000
  0.10000000  -0.87500000 1265.00000000
  0.10000000  -0.62500000 113.00000000
  0.10000000  -0.37500000 4657.00000000
  0.10000000  -0.12500000 300.00000000
  0.10000000   0.12500000 7007.00000000
  0.10000000   0.37500000 276.00000000
  0.10000000   0.62500000 4926.00000000
  0.10000000   0.87500000 1456.00000000
  1.00000000  -0.87500000 1345.00000000
  1.00000000  -0.62500000 123.00000000
  1.00000000  -0.37500000 4764.00000000
  1.00000000  -0.12500000 300.00000000
  1.00000000   0.12500000 6916.00000000
  1.00000000   0.37500000 281.00000000
  1.00000000   0.62500000 4828.00000000
  1.00000000   0.87500000 1443.00000000
 10.00000000  -0.87500000 1263.00000000
 10.00000000  -0.62500000  98.00000000
 10.00000000  -0.37500000 4785.00000000
 10.00000000  -0.12500000 329.00000000
 10.00000000   0.12500000 7082.00000000
 10.00000000   0.37500000 243.00000000
 10.00000000   0.62500000 4814.00000000
 10.00000000   0.87500000 1386.00000000
  0.10000000  -0.87500000 1323.00000000
  0.10000000  -0.62500000 109.00000000
  0.10000000  -0.37500000 4745.00000000
  0.10000000  -0.12500000 283.00000000
  0.10000000   0.12500000 6953.00000000
  0.10000000   0.37500000 287.00000000
  0.10000000   0.62500000 4877.00000000
  0.10000000   0.87500000 1423.00000000
  1.00000000  -0.87500000 1354.00000000
  1.00000000  -0.62500000 111.00000000
  1.00000000  -0.37500000 4757.00000000
  1.00000000  -0.12500000 297.00000000
  1.00000000   0.12500000 6979.00000000
  1.00000000   0.37500000 263.00000000
  1.00000000   0.62500000 4739.00000000
  1.00000000   0.87500000 1500.00000000
 10.00000000  -0.87500000 1121.00000000
 10.00000000  -0.62500000 108.00000000
 10.00000000  -0.37500000 4824.00000000
 10.00000000  -0.12500000 288.00000000
 10.00000000   0.12500000 7073.00000000
 10.00000000   0.37500000 293.00000000
 10.00000000   0.62500000 4959.00000000
 10.00000000   0.87500000 1334.00000000
  1.20  -0.95000000 1481.00000000
  1.20  -0.85000000   0.00000000
  1.20  -0.75000000  89.00000000
  1.20  -0.65000000   0.00000000
  1.20  -0.55000000   0.00000000
  1.20  -0.45000000 293.00000000
  1.20  -0.35000000   0.00000000
  1.20  -0.25000000  86.00000000
  1.20  -0.15000000   0.00000000
  1.20  -0.05000000   0.00000000
  1.20   0.05000000 136.00000000
  1.20   0.15000000   0.00000000
  1.20   0.25000000  74.00000000
  1.20   0.35000000   0.00000000
  1.20   0.45000000   0.00000000
  1.20   0.55000000 194.00000000
  1.20   0.65000000   0.00000000
  1.20   0.75000000  95.00000000
  1.20   0.85000000   0.00000000
  1.20   0.95000000 1602.00000000
  1.20  -0.95000000 1806.00000000
  1.20  -0.85000000   0.00000000
  1.20  -0.75000000 117.00000000
  1.20  -0.65000000   0.00000000
  1.20  -0.55000000   0.00000000
  1.20  -0.45000000  40.00000000
  1.20  -0.35000000   0.00000000
  1.20  -0.25000000  62.00000000
  1.20  -0.15000000   0.00000000
  1.20  -0.05000000   0.00000000
  1.20   0.05000000  11.00000000
  1.20   0.15000000   0.00000000
  1.20   0.25000000  71.00000000
  1.20   0.35000000   0.00000000
  1.20   0.45000000   0.00000000
  1.20   0.55000000  48.00000000
  1.20   0.65000000   0.00000000
  1.20   0.75000000  94.00000000
  1.20   0.85000000   0.00000000
  1.20   0.95000000 1801.00000000
  1.20  -0.95000000 1779.00000000
  1.20  -0.85000000   0.00000000
  1.20  -0.75000000 102.00000000
  1.20  -0.65000000   0.00000000
  1.20  -0.55000000   0.00000000
  1.20  -0.45000000  59.00000000
  1.20  -0.35000000   0.00000000
  1.20  -0.25000000  70.00000000
  1.20  -0.15000000   0.00000000
  1.20  -0.05000000   0.00000000
  1.20   0.05000000  17.00000000
  1.20   0.15000000   0.00000000
  1.20   0.25000000  68.00000000
  1.20   0.35000000   0.00000000
  1.20   0.45000000   0.00000000
  1.20   0.55000000  43.00000000
  1.20   0.65000000   0.00000000
  1.20   0.75000000 104.00000000
  1.20   0.85000000   0.00000000
  1.20   0.95000000 1808.00000000
  1.20  -0.95000000 1802.00000000
  1.20  -0.85000000   0.00000000
  1.20  -0.75000000 102.00000000
  1.20  -0.65000000   0.00000000
  1.20  -0.55000000   0.00000000
  1.20  -0.45000000  49.00000000
  1.20  -0.35000000   0.00000000
  1.20  -0.25000000  59.00000000
  1.20  -0.15000000   0.00000000
  1.20  -0.05000000   0.00000000
  1.20   0.05000000   4.00000000
  1.20   0.15000000   0.00000000
  1.20   0.25000000  81.00000000
  1.20   0.35000000   0.00000000
  1.20   0.45000000   0.00000000
  1.20   0.55000000  44.00000000
  1.20   0.65000000   0.00000000
  1.20   0.75000000 102.00000000
  1.20   0.85000000   0.00000000
  1.20   0.95000000 1807.00000000
  1.20  -0.95000000 1800.00000000
  1.20  -0.85000000   0.00000000
  1.20  -0.75000000 107.00000000
  1.20  -0.65000000   0.00000000
  1.20  -0.55000000   0.00000000
  1.20  -0.45000000  48.00000000
  1.20  -0.35000000   0.00000000
  1.20  -0.25000000  59.00000000
  1.20  -0.15000000   0.00000000
  1.20  -0.05000000   0.00000000
  1.20   0.05000000   8.00000000
  1.20   0.15000000   0.00000000
  1.20   0.25000000  77.00000000
  1.20   0.35000000   0.00000000
  1.20   0.45000000   0.00000000
  1.20   0.55000000  50.00000000
  1.20   0.65000000   0.00000000
  1.20   0.75000000 101.00000000
  1.20   0.85000000   0.00000000
  1.20   0.95000000 1800.00000000
  1.20  -0.95000000  54.00000000
  1.20  -0.85000000   0.00000000
  1.20  -0.75000000  20.00000000
  1.20  -0.65000000   0.00000000
  1.20  -0.55000000   0.00000000
  1.20  -0.45000000  11.00000000
  1.20  -0.35000000   0.00000000
  1.20  -0.25000000  13.00000000
  1.20  -0.15000000   0.00000000
  1.20  -0.05000000   0.00000000
  1.20   0.05000000   8.00000000
  1.20   0.15000000   0.00000000
  1.20   0.25000000  15.00000000
  1.20   0.35000000   0.00000000
  1.20   0.45000000   0.00000000
  1.20   0.55000000   8.00000000
  1.20   0.65000000   0.00000000
  1.20   0.75000000  16.00000000
  1.20   0.85000000   0.00000000
  1.20   0.95000000  55.00000000
  1.20  -0.95000000  55.00000000
  1.20  -0.85000000   0.00000000
  1.20  -0.75000000  21.00000000
  1.20  -0.65000000   0.00000000
  1.20  -0.55000000   0.00000000
  1.20  -0.45000000   8.00000000
  1.20  -0.35000000   0.00000000
  1.20  -0.25000000  11.00000000
  1.20  -0.15000000   0.00000000
  1.20  -0.05000000   0.00000000
  1.20   0.05000000   8.00000000
  1.20   0.15000000   0.00000000
  1.20   0.25000000  14.00000000
  1.20   0.35000000   0.00000000
  1.20   0.45000000   0.00000000
  1.20   0.55000000  11.00000000
  1.20   0.65000000   0.00000000
  1.20   0.75000000  18.00000000
  1.20   0.85000000   0.00000000
  1.20   0.95000000  54.00000000
  1.20  -0.95000000 155.00000000
  1.20  -0.85000000   0.00000000
  1.20  -0.75000000  25.00000000
  1.20  -0.65000000   0.00000000
  1.20  -0.55000000   0.00000000
  1.20  -0.45000000  17.00000000
  1.20  -0.35000000   0.00000000
  1.20  -0.25000000  15.00000000
  1.20  -0.15000000   0.00000000
  1.20  -0.05000000   0.00000000
  1.20   0.05000000   7.00000000
  1.20   0.15000000   0.00000000
  1.20   0.25000000  26.00000000
  1.20   0.35000000   0.00000000
  1.20   0.45000000   0.00000000
  1.20   0.55000000  26.00000000
  1.20   0.65000000   0.00000000
  1.20   0.75000000  38.00000000
  1.20   0.85000000   0.00000000
  1.20   0.95000000 141.00000000
  1.20  -0.95000000 160.00000000
  1.20  -0.85000000   0.00000000
  1.20  -0.75000000  41.00000000
  1.20  -0.65000000   0.00000000
  1.20  -0.55000000   0.00000000
  1.20  -0.45000000  10.00000000
  1.20  -0.35000000   0.00000000
  1.20  -0.25000000  18.00000000
  1.20  -0.15000000   0.00000000
  1.20  -0.05000000   0.00000000
  1.20   0.05000000   4.00000000
  1.20   0.15000000   0.00000000
  1.20   0.25000000  12.00000000
  1.20   0.35000000   0.00000000
  1.20   0.45000000   0.00000000
  1.20   0.55000000  13.00000000
  1.20   0.65000000   0.00000000
  1.20   0.75000000  33.00000000
  1.20   0.85000000   0.00000000
  1.20   0.95000000 159.00000000
  1.20  -0.95000000 154.00000000
  1.20  -0.85000000   0.00000000
  1.20  -0.75000000  41.00000000
  1.20  -0.65000000   0.00000000
  1.20  -0.55000000   0.00000000
  1.20  -0.45000000  10.00000000
  1.20  -0.35000000   0.00000000
  1.20  -0.25000000  13.00000000
  1.20  -0.15000000   0.00000000
  1.20  -0.05000000   0.00000000
  1.20   0.05000000   8.00000000
  1.20   0.15000000   0.00000000
  1.20   0.25000000  21.00000000
  1.20   0.35000000   0.00000000
  1.20   0.45000000   0.00000000
  1.20   0.55000000  24.00000000
  1.20   0.65000000   0.00000000
  1.20   0.75000000  29.00000000
  1.20   0.85000000   0.00000000
  1.20   0.95000000 150.00000000
  1.20  -0.95000000 155.00000000
  1.20  -0.85000000   0.00000000
  1.20  -0.75000000  29.00000000
  1.20  -0.65000000   0.00000000
  1.20  -0.55000000   0.00000000
  1.20  -0.45000000  15.00000000
  1.20  -0.35000000   0.00000000
  1.20  -0.25000000  18.00000000
  1.20  -0.15000000   0.00000000
  1.20  -0.05000000   0.00000000
  1.20   0.05000000   1.00000000
  1.20   0.15000000   0.00000000
  1.20   0.25000000  24.00000000
  1.20   0.35000000   0.00000000
  1.20   0.45000000   0.00000000
  1.20   0.55000000  16.00000000
  1.20   0.65000000   0.00000000
  1.20   0.75000000  33.00000000
  1.20   0.85000000   0.00000000
  1.20   0.95000000 159.00000000
  1.20  -0.95000000 155.00000000
  1.20  -0.85000000   0.00000000
  1.20  -0.75000000  30.00000000
  1.20  -0.65000000   0.00000000
  1.20  -0.55000000   0.00000000
  1.20  -0.45000000  15.00000000
  1.20  -0.35000000   0.00000000
  1.20  -0.25000000  23.00000000
  1.20  -0.15000000   0.00000000
  1.20  -0.05000000   0.00000000
  1.20   0.05000000   6.00000000
  1.20   0.15000000   0.00000000
  1.20   0.25000000  20.00000000
  1.20   0.35000000   0.00000000
  1.20   0.45000000   0.00000000
  1.20   0.55000000  21.00000000
  1.20   0.65000000   0.00000000
  1.20   0.75000000  31.00000000
  1.20   0.85000000   0.00000000
  1.20   0.95000000 149.00000000
  1.20  -0.95000000 157.00000000
  1.20  -0.85000000   0.00000000
  1.20  -0.75000000  36.00000000
  1.20  -0.65000000   0.00000000
  1.20  -0.55000000   0.00000000
  1.20  -0.45000000  15.00000000
  1.20  -0.35000000   0.00000000
  1.20  -0.25000000  21.00000000
  1.20  -0.15000000   0.00000000
  1.20  -0.05000000   0.00000000
  1.20   0.05000000   4.00000000
  1.20   0.15000000   0.00000000
  1.20   0.25000000  17.00000000
  1.20   0.35000000   0.00000000
  1.20   0.45000000   0.00000000
  1.20   0.55000000  18.00000000
  1.20   0.65000000   0.00000000
  1.20   0.75000000  30.00000000
  1.20   0.85000000   0.00000000
  1.20   0.95000000 152.00000000
